1034726
1060377
1060378
1060379
1060380
1060381
1060382
1060383
1060384
1060385
1060386
1060387
1060388
1060389
1060390
1060391
1060392
1060393
1060394
1060395
1060396
1060397
1060398
1060399
1060400
1060401
1060402
1060403
1060404
211600
211602
211604
211605
211606
211607
211608
211609
211610
211611
211612
211613
211614
211615
211616
211617
211618
211619
211620
211621
211622
211623
211624
211625
211626
211627
211628
211629
211637
211638
211641
211643
211645
211646
211647
211648
211649
211650
211651
211652
211653
211654
211655
211656
211657
211658
211659
211660
211661
211662
211663
211664
211665
211666
211667
211668
211669
211670
211671
211672
211673
211674
211675
211676
211677
211678
211679
211680
211681
211682
211683
211684
211685
211686
211687
211688
211689
211690
211691
211692
211694
211695
211696
211697
211698
211700
211701
211702
211703
211704
211705
211706
211707
211708
211709
211710
211711
211712
211713
211714
211715
211716
211717
211718
211719
211720
211721
211722
211723
211724
211725
211726
211727
211728
211729
211730
211731
211732
211733
211734
211735
211736
211737
211738
211739
211740
211741
211742
211743
211744
211745
211746
211747
211748
211749
211750
211751
211752
211753
211754
211755
211756
211757
211758
211759
211760
211761
211762
211763
211764
211765
211766
211767
211768
211769
211770
211771
211772
211773
211774
211775
211776
211777
211778
211779
211780
211781
211782
211783
211784
211785
211786
211787
211788
211789
211790
211791
211792
211793
211794
211795
211796
211797
211798
211799
211800
211801
211802
211803
211804
211805
211806
211807
211808
211809
211810
211811
211812
211813
211814
211815
211816
211817
211818
211819
211820
211821
211822
211823
211824
211825
211826
211827
211828
211829
211830
211831
211832
211833
211834
211835
211836
212931
212932
212933
212934
212935
231718
231719
231720
231721
231722
231723
231724
232224
232225
232226
232228
235473
235788
237930
237931
237932
237933
237934
237935
237936
237937
237938
237939
237940
237941
237942
237943
237944
237945
237946
237947
237948
237949
237950
237951
237952
237953
237954
237955
237956
237957
237958
237959
237960
237961
237962
237963
237964
237965
238521
240573
240574
240575
240576
240577
240578
240579
240580
240581
240582
240583
240584
240585
240586
240587
240588
240589
240590
240591
240592
240593
240594
240595
240596
240597
240598
240599
240600
240601
240602
240603
240604
240605
240606
240608
240609
240610
240611
240612
240613
240614
240615
240616
240617
240618
240619
240620
240621
240622
240623
240624
240626
240627
240628
240629
240630
240631
240632
240633
240634
240635
240636
240637
240638
240639
240640
240641
240642
240643
240644
240645
240646
240647
240648
240649
240650
240651
240652
240653
240654
240655
240656
240657
240658
240659
240660
240661
240662
240663
240664
240665
240666
240667
240668
240669
240670
240671
240672
240673
240674
240675
240676
240677
240678
240679
240680
240681
240682
240683
240685
240686
240687
240688
240689
240690
240692
240693
240694
240695
240696
240697
240698
240699
240700
240701
240702
240703
240704
240705
240706
240707
240708
240709
240710
240711
240712
240713
240714
240715
240716
240717
240718
240719
240720
240721
240722
240723
240724
240725
240726
240727
240728
240729
240730
240731
240732
240733
240734
240735
240736
240737
240738
240739
240740
240741
240742
240743
240744
240745
240746
240747
240748
240749
240750
240751
240752
240753
240754
240755
240756
240757
240758
240759
240760
240761
240762
240763
240764
240765
240766
240767
240768
240769
240770
240771
240772
240773
240774
240775
240776
240777
240778
240779
240780
240781
240782
240783
240784
240785
240786
240787
240788
240789
240790
240791
240792
240793
240794
240795
240796
240797
240798
240799
240800
240801
240802
240803
240804
240805
240806
240807
240808
240809
240810
240811
240812
261245
262525
264282
264654
264977
264978
264979
264980
264981
264982
265080
265081
265082
265083
265084
265085
265086
265087
265088
265089
265090
265091
265092
265093
265094
265095
265096
265097
265098
265099
265100
265101
265102
265103
265104
265105
265106
265107
265108
265109
267944
267945
268001
268002
268003
268004
268005
268006
268007
268008
268009
268010
268011
268012
268013
268014
268015
268016
268017
268018
268019
268020
268021
268022
268023
268024
268029
268030
268031
268032
268033
268034
268035
268036
268037
268038
268039
268040
268041
268042
268043
268044
268045
268046
268047
268048
268049
268050
268051
268052
268180
268181
268182
268183
268184
268186
268187
268188
268189
268190
268191
268192
268193
268194
268195
268196
268197
268198
268199
268200
268201
268202
268203
268204
268205
268206
268207
268208
268209
268210
268211
268212
268213
268214
268215
268216
268217
268218
268219
268220
268221
268222
268223
268224
268225
268226
268227
268229
268230
268231
268232
268233
268234
268235
268236
268237
268238
268239
268240
268241
268242
268243
268244
268245
268246
268247
268248
268249
268250
268251
268252
268253
268254
268255
268256
268257
268258
268259
268260
268261
268262
268263
268264
268265
268266
268267
268268
268269
268270
268271
268272
268273
268274
268275
268276
268277
268278
268279
268280
268281
268282
268283
268284
268285
268286
268287
268288
268289
268290
268291
268292
268293
268294
268295
268296
268297
268298
268299
268300
268301
268302
268303
268304
268305
268306
268307
268308
268309
268310
268311
268312
268313
268314
268315
268316
268317
268318
268319
268320
268321
268322
268323
268324
268325
268326
268327
268328
268329
268330
268331
268332
268333
268334
268335
268336
268337
268338
268339
268340
268341
268342
268343
268344
268345
268346
268347
268348
268349
268350
268351
268352
268353
268354
268355
268356
268357
268358
268359
268360
268361
268362
268363
268364
268365
268366
268367
268368
268369
268370
268371
268372
268373
268374
268375
268376
268377
268378
268379
268380
268381
268382
268383
268384
268385
268386
268387
268388
268389
268390
268391
268392
268393
268394
268395
268396
268397
268398
268399
268400
268401
268402
268403
268404
268405
268406
268407
268408
268409
268410
268411
268412
268413
268414
268415
268416
268417
268418
276794
276795
291996
301591
301592
301593
301594
301595
301596
301597
301598
301599
301600
301601
301602
301603
301604
301605
301606
301607
301608
301609
301611
301612
301613
301614
301615
301616
301617
301618
301619
301620
301621
301622
301623
301624
301625
301626
301627
301628
301629
301630
301631
301632
301633
301634
301635
301636
301637
301638
301639
301640
301641
301642
301643
301644
301645
301646
301647
301648
302069
302070
302071
302072
302073
302074
302075
302076
302077
302078
302079
302080
302081
302082
302083
302084
302085
302086
302087
302088
302089
302090
302091
302092
302093
302094
302095
302096
302097
302098
302099
302100
302101
302102
302103
302104
302105
302106
302107
302108
302109
302110
302111
302112
302113
302114
302115
302116
302117
302118
302119
302120
302121
302122
302123
302124
302125
302126
302127
302128
302129
302130
302131
302132
302133
302134
302135
302136
302137
302138
302139
302140
302141
302142
302143
302144
302145
302146
302147
302148
302149
302150
302151
302152
302153
302154
302155
302156
302157
302158
302159
302160
302161
302162
302163
302164
302165
302166
302167
302168
302169
302170
302171
302172
302173
302174
302175
302176
302177
302178
302179
302180
302181
302182
302183
302184
302185
302186
302187
302188
302189
302190
302191
302192
302193
302194
302195
302196
302197
302198
302199
302200
302201
302202
302203
302204
302205
302206
302207
302208
302209
302210
302211
302212
302213
302214
302215
302216
302217
302218
302219
302220
302221
302222
302223
302224
302225
302226
302227
302228
302229
302230
302231
302232
302233
302234
302235
302236
302237
302238
302239
302240
302241
302242
302243
302244
302245
302246
302247
302248
302249
302250
336766
339726
339727
339728
339729
339730
339731
339732
339733
339734
339735
339736
339737
339738
339739
339740
339741
339742
339743
339744
339745
339746
339747
339748
339749
339750
339751
339752
339753
339754
339755
339756
339757
339758
339759
339760
339761
339762
339763
339764
339765
339766
339767
339768
339769
339770
339771
339772
339773
339774
339775
339776
339777
339778
339779
339780
339781
339782
339783
339784
339785
339786
339787
339788
339789
339790
339791
339792
339793
339794
339795
339796
339797
339798
339799
339800
339801
339802
339803
339804
339805
339806
339807
339808
339809
339810
339811
339812
339813
339814
339815
339816
339817
339818
339819
339820
339821
339822
339823
339824
339825
339826
339827
339828
339829
339830
339831
339832
339833
339834
339835
339836
339837
339838
339839
339840
339841
339842
339843
339844
339845
339846
339847
339848
339849
339850
339851
339852
339853
339854
339855
339856
339857
339858
339859
339860
339861
339862
339863
339864
339865
339866
339867
339868
339869
339870
339871
339872
339873
339874
339875
339876
339877
339878
339879
339880
339881
339882
339883
339884
339885
339886
339887
339888
339889
339890
339891
339892
339893
339894
339895
339896
339897
339898
339899
339900
339901
339902
339903
339904
339905
339906
339907
342962
342963
342964
342965
342966
342967
342968
342969
342970
342971
342972
342973
342974
342975
342976
342977
342978
342979
342980
342981
342982
342983
342984
342985
342986
342987
342988
342989
342990
342991
342992
342993
342994
342995
342996
342997
342998
342999
343000
343001
343002
343003
343004
343005
343006
343007
343008
343009
343010
343011
343012
343013
343014
343015
343016
343017
343018
343019
388153
388154
388155
388156
388157
388158
388159
388160
388161
388162
388163
388164
388165
388166
388167
388168
388169
388170
388171
388172
388173
388174
388175
388176
388177
388178
388179
388180
388181
388182
388183
388184
388185
388186
388187
388188
388189
388190
388191
388192
388193
388194
388195
388196
388197
388198
388199
388200
388201
388202
388203
388204
388205
388206
388207
388208
388209
388210
388211
388212
388213
388214
388215
388216
388217
388218
388219
388220
388221
388222
388223
388224
388225
388226
388227
388228
388229
388230
388231
388232
388233
388234
388235
388236
388237
388238
388239
388240
388241
388242
388243
388244
388245
388246
388247
388248
388249
388250
388251
388252
388253
388254
388255
388256
388257
388258
388259
388260
388261
388262
388263
388264
388265
388266
388267
388268
388269
388270
388271
388272
388273
388274
388275
388276
388277
388278
388279
388280
388281
388282
388283
388284
388285
388286
388287
388288
388289
388290
388291
388292
388293
388294
388295
388296
388297
388298
388299
388300
388301
388600
388601
388602
388603
388604
388605
388606
388607
388608
388609
388610
388611
388612
388613
388614
388615
388616
388617
388618
388619
388620
388621
388622
388623
388624
388625
388626
388627
388628
388629
388630
388631
388632
388633
388634
388635
388636
388637
388638
388639
388640
388641
388642
388643
388644
388645
388646
388647
388648
388649
388650
388651
388652
388653
388654
388655
388656
388657
388658
388659
388660
388661
388662
388663
388664
388665
388666
388667
388668
388669
388670
388671
388672
388673
388674
388675
388676
388677
388678
388679
388680
388681
388682
388683
388684
388685
388686
388687
388688
388689
388690
428329
428330
428331
428332
428333
428334
428335
428336
428337
428338
428339
428340
428341
428342
428343
428344
428345
428346
428347
428348
428349
428350
428351
428352
428353
428354
428355
428356
428375
428376
428377
428378
428379
428380
428381
428382
428383
428384
428385
428386
428387
428388
428389
428390
428391
428392
428393
428394
428395
428396
428397
428398
428399
428400
428401
428402
428403
428404
428441
428442
428443
428444
428445
428446
428447
428448
428449
428450
428451
428452
428453
428454
428455
428456
428457
428458
428459
428460
428461
428462
428463
428464
428465
428466
428467
428468
428469
428470
428471
428472
428473
428474
428475
428476
428477
428478
428479
428480
428481
428482
428483
428484
428485
428486
428487
428488
428489
428490
428491
428492
428493
428494
428495
428496
428497
428498
428499
428500
428501
428502
428503
428504
428505
428506
428507
428508
428509
428510
428511
428512
428513
428514
428515
428516
428517
428518
428519
428520
428521
428522
428523
428524
428525
428526
428527
428528
428529
428530
428531
428652
428653
428654
428655
428656
428657
428658
428659
428660
428661
428662
428663
428664
428665
428666
428667
428668
428669
428670
428671
428672
428673
428674
428675
428676
428677
428678
428679
428680
428681
428682
428683
428684
428685
428686
428687
428688
428689
428690
428691
428692
428693
428694
428695
428696
428697
428698
428699
428700
428701
428702
428703
428704
428705
428706
428707
428708
428709
428710
428711
428712
428713
428714
428715
428716
428717
428718
428719
428720
428721
428722
428723
428724
428725
428726
428727
428728
428729
428730
428731
428732
428733
428734
428735
428736
428737
428738
428739
428740
428741
428742
474282
474283
474284
474285
474286
474287
474288
474289
474290
474291
474292
474293
474294
474295
474296
474297
474298
474299
474300
474301
474302
474303
474304
474305
474306
474307
474308
474309
474310
474311
474312
474313
474314
474315
474316
474317
474318
474319
474320
474321
474322
474323
474324
474325
474326
474327
474328
474329
474330
474331
474332
474333
474334
474335
474336
474337
474338
474339
474340
474341
474342
474343
474344
474345
474346
474347
474348
474349
474350
474351
474352
474353
474354
474355
474356
474357
474358
474359
474360
474361
474362
474363
474364
474365
474366
474367
474368
474369
474370
474371
474372
474373
474374
474375
474376
474377
474378
474379
474380
474381
474382
474383
474384
474385
474386
474387
474388
474389
474390
474391
474392
474393
474394
474395
474396
474397
474398
474399
474400
474401
474402
474403
474404
474405
474406
474407
474408
474409
474410
474411
474412
474413
474414
474415
474416
474417
474418
474419
474420
474421
474422
474423
474424
474425
474426
474427
474428
474429
474430
474431
474432
474433
474434
474435
474436
474437
474438
474439
474440
474441
474442
474443
474444
474445
474446
474447
474448
474449
474450
474451
474452
474453
474454
474455
474456
474457
474458
474459
474460
474461
474462
474463
474704
474705
474706
474707
474708
474709
474710
474711
474712
474713
474714
474715
474716
474717
474718
474719
474720
474721
474722
474723
474724
474725
474726
474727
474728
474729
474730
474731
474732
474733
474734
474735
474736
474737
474738
474739
474740
474741
474742
474743
474744
474745
474746
474803
474804
474805
474806
474807
474808
474809
474810
474811
474812
474813
474814
474815
474816
474817
525264
525265
525266
525267
525268
525269
525270
525271
525272
525273
525274
525275
525276
525277
525278
525279
525280
525281
525282
525283
525284
525285
525286
525287
525288
525289
525290
525291
525396
525397
525398
525399
525400
525401
525402
525403
525404
525405
525406
525407
525408
525409
525410
525411
525412
525413
525414
525415
525416
525417
525418
525419
525420
525421
525422
525423
525424
525425
525426
525427
525428
525429
525430
525431
525432
525433
525434
525435
525436
525437
525438
525439
525440
525441
525442
525443
525444
525445
525446
525447
525448
525449
525450
525451
525452
525453
525454
525455
525456
525457
525458
525459
525460
525461
525462
525463
525464
525465
525466
525467
525468
525469
525470
525471
525472
525473
525474
525475
525476
525477
525478
525479
525480
525481
525482
525483
525484
525485
525486
525487
525488
525489
525490
525491
525492
525493
525494
525495
525496
525497
525498
525499
525500
525501
525502
525503
525504
525505
525506
525507
525508
525509
525510
525511
525512
525513
525514
525515
525516
525517
525518
525519
525520
525521
525522
525523
525524
525525
525526
525527
525528
525529
525530
525531
525532
525533
525534
525535
525536
525537
525538
525539
525540
525541
525542
525543
525544
525545
525546
525547
525548
525549
525550
525551
525552
525553
525554
525555
525556
525557
525558
525559
525560
525561
525562
525563
525564
525565
525566
525567
525568
525569
525570
525571
525572
525573
525574
525575
525576
525577
525842
525843
525844
525845
525846
525847
525848
525849
525850
525851
525852
525853
525854
525855
525856
525857
525858
525859
525860
525861
525862
525863
525864
525865
525866
525867
525868
525869
525870
525871
580570
580571
580572
580573
580574
580575
580576
580577
580578
580579
580580
580581
580582
580583
580584
580585
580586
580587
580588
580589
580590
580591
580592
580593
580594
580595
580596
580597
580598
580599
580656
580657
580658
580659
580660
580661
580662
580663
580664
580665
580666
580667
580668
580669
580670
580671
580672
580673
580674
580675
580676
580677
580678
580679
580680
580681
580682
580683
580742
580743
580744
580745
580746
580747
580748
580749
580750
580751
580752
580753
580754
580755
580756
580757
580758
580759
580760
580761
580762
580763
580764
580765
580766
580767
580768
580769
580770
580771
580772
580773
580774
580775
580776
580777
580778
580779
580780
580781
580782
580783
580784
580785
580786
580787
580788
580789
580790
580791
580792
580793
580794
580795
580796
580797
580798
580799
580800
580801
580802
580803
580804
580805
580806
580807
580808
580809
580810
580811
580812
580813
580814
580815
580816
580817
580818
580819
580820
580821
580822
580823
580824
580825
580826
580827
580828
580829
580830
580831
580832
580833
580834
580835
580836
580837
580838
580839
580840
580841
580842
580843
580844
580845
580846
580847
580848
580849
580850
580851
580852
580853
580854
580855
580856
580857
580858
580859
580860
580861
580862
580863
580864
580865
580866
580867
580868
580869
580870
580871
580872
580873
580874
580875
580876
580877
580878
580879
580880
580881
580882
580883
580884
580885
580886
580887
580888
580889
580890
580891
580892
580893
580894
580895
580896
580897
580898
580899
580900
580901
580902
580903
580904
580905
580906
580907
580908
580909
580910
580911
580912
580913
580914
580915
580916
580917
580918
580919
580920
580921
580922
580923
634473
634474
634475
634476
634477
634478
634479
634480
634481
634482
634483
634484
634485
634486
634487
634488
634489
634490
634491
634492
634493
634494
634495
634496
634497
634498
634499
634500
634501
634502
634503
634504
634505
634506
634507
634508
634509
634510
634511
634512
634513
634514
634515
634516
634517
634518
634519
634520
634521
634522
634523
634524
634525
634526
634527
634528
634529
634530
634531
634532
634533
634534
634535
634536
634537
634538
634539
634540
634541
634542
634543
634544
634545
634546
634547
634548
634549
634550
634551
634552
634553
634554
634555
634556
634557
634558
634559
634560
634561
634562
634563
634564
634565
634566
634567
634568
634569
634570
634571
634572
634573
634574
634575
634576
634577
634578
634579
634580
634581
634582
634583
634584
634585
634586
634587
634588
634589
634590
634592
634593
634594
634595
634596
634597
634598
634599
634600
634601
634602
634603
634604
634605
634606
634607
634608
634609
634610
634611
634612
634613
634614
634615
634616
634617
634618
634619
634620
634621
634622
634623
634624
634625
634626
634627
634628
634629
634630
634631
634632
634633
634634
634635
634636
634637
634638
634639
634640
634641
634642
634643
634644
634645
634646
634647
634648
634649
634650
634651
634652
634653
634654
635073
635074
635075
635076
635077
635078
635079
635080
635081
635082
635083
635084
635085
635086
635087
635088
635089
635090
635091
635092
635093
635094
635095
635096
635097
635098
635099
635100
635101
635102
635103
635104
635105
635106
635107
635108
635109
635110
635111
635112
635113
635114
635115
635116
635117
635118
635119
635120
635121
635122
635123
635124
635125
635126
635127
635128
635129
635130
676922
682884
682885
682886
682887
682888
682889
682890
682891
682892
682893
682894
682895
682896
682897
682898
682899
682900
682901
682902
682903
682904
682905
682906
682907
682908
682909
682910
682911
682912
682913
682914
682915
682916
682917
682918
682919
682920
682921
682922
682923
682924
682925
682926
682927
682928
682929
682930
682932
682933
682934
682935
682936
682937
682938
682939
682940
682941
683034
683035
683036
683037
683038
683039
683040
683042
683043
683044
683045
683046
683047
683048
683049
683050
683051
683052
683053
683055
683056
683057
683058
683059
683060
683061
683062
683063
683064
683065
683066
683067
683068
683069
683070
683071
683072
683073
683074
683075
683076
683077
683078
683079
683080
683081
683082
683083
683084
683085
683086
683087
683088
683089
683090
683091
683092
683093
683094
683095
683096
683097
683098
683099
683100
683101
683102
683103
683104
683105
683106
683107
683108
683109
683110
683111
683112
683113
683114
683115
683116
683117
683118
683119
683120
683121
683122
683123
683124
683125
683126
683127
683128
683129
683131
683132
683133
683134
683135
683136
683137
683138
683139
683140
683141
683142
683143
683144
683145
683146
683147
683148
683149
683150
683151
683152
683153
683154
683155
683156
683157
683158
683159
683160
683161
683162
683163
683164
683165
683166
683167
683168
683169
683170
683171
683172
683173
683174
683175
683176
683177
683178
683179
683180
683181
683182
683183
683184
683185
683186
683187
683188
683189
683190
683191
683192
683193
683194
683195
683196
683197
683198
683199
683200
683201
683202
683203
683204
683205
683206
683207
683208
683209
683210
683211
683212
683213
683214
683215
703825
710207
720905
730967
732259
732260
732261
732262
732263
732264
732265
732266
732267
732268
732269
732270
732271
732272
732273
732274
732275
732276
732277
732278
732279
732280
732281
732282
732283
732284
732285
732286
732287
732288
732289
732290
732291
732292
732293
732294
732295
732296
732297
732298
732299
732300
732301
732302
732303
732304
732305
732306
732307
732308
732309
732310
732311
732312
732313
732314
732315
732316
732452
732453
732454
732455
732456
732457
732458
732459
732460
732461
732462
732463
732464
732465
732466
732467
732468
732469
732470
732471
732472
732473
732474
732475
732476
732477
732478
732479
732480
732481
732482
732483
732484
732485
732486
732487
732488
732489
732490
732491
732492
732493
732494
732495
732496
732497
732498
732499
732500
732501
732502
732503
732504
732505
732506
732507
732508
732509
732510
732511
732512
732513
732514
732515
732516
732517
732518
732519
732520
732521
732522
732523
732524
732525
732526
732527
732528
732529
732530
732531
732532
732533
732534
732535
732536
732537
732538
732539
732540
732541
732542
732543
732544
732545
732546
732547
732548
732549
732550
732551
732552
732553
732554
732555
732556
732557
732558
732559
732560
732561
732562
732563
732564
732565
732566
732567
732568
732569
732570
732571
732572
732573
732574
732575
732576
732577
732578
732579
732580
732581
732582
732583
732584
732585
732586
732587
732588
732589
732590
732591
732592
732593
732594
732595
732596
732597
732598
732599
732600
732601
732602
732603
732604
732605
732606
732607
732608
732609
732610
732611
732612
732613
732614
732615
732616
732617
732618
732619
732620
732621
732622
732623
732624
732625
732626
732627
732628
732629
732630
732631
732632
732633
793729
793730
793731
793732
793733
793734
793735
793736
793737
793738
793739
793740
793741
793742
793743
793744
793745
793746
793747
793748
793749
793750
793751
793752
793753
793754
793755
793756
793757
793758
793759
793760
793761
793762
793763
793764
793765
793766
793767
793768
793769
793770
793771
793772
793773
793774
793775
793776
793777
793778
793779
793780
793781
793782
793783
793784
793785
793786
793787
793788
793789
793790
793791
793792
793793
793794
793795
793796
793797
793798
793799
793800
793801
793802
793803
793804
793805
793806
793807
793808
793809
793810
793811
793812
793813
793814
793815
793816
793817
793818
793819
793820
793821
793822
793823
793824
793825
793826
793827
793828
793829
793830
793831
793832
793833
793834
793835
793836
793837
793838
793839
793840
793841
793842
793843
793844
793845
793846
793847
793848
793850
793851
793852
793853
793854
793855
793856
793857
793858
793859
793860
793861
793862
793863
793864
793865
793866
793867
793868
793869
793870
793872
793873
793874
793875
793876
793877
793878
793879
793880
793881
793882
793883
793884
793885
793886
793887
793888
793889
793890
793891
793892
793893
793894
793895
793896
793897
793898
793899
793900
793901
793902
793903
793904
793905
793906
793907
793908
793909
793910
793911
793912
793913
793914
793915
793916
793917
793918
793919
793920
793921
793922
793923
793924
793925
793926
793927
793928
793929
793930
793931
793932
793933
793934
793935
793936
793937
793938
793939
793940
793941
793942
793943
793944
793945
793946
793947
793948
793949
793950
793951
793952
793953
793954
793955
793956
793957
793958
793959
793960
793961
793962
793963
793964
793965
793966
793967
793968
860212
861120
864857
864858
864859
864860
864861
864862
864863
864864
864865
864866
864867
864868
864869
864870
864871
864872
864873
864874
864875
864876
864877
864878
864879
864880
864881
864882
864883
864884
864885
864886
864887
864888
864889
864890
864891
864892
864893
864894
864895
864896
864897
864898
864899
864900
864901
864902
864903
864904
864905
864906
864907
864908
864909
864910
864911
864912
864913
864914
864976
864977
864978
864979
864980
864981
864982
864983
864984
864985
864986
864987
864988
864989
864990
864991
864992
864993
864994
864995
864996
864997
864998
864999
865000
865001
865002
865003
865004
865005
865006
865007
865008
865009
865010
865011
865013
865014
865015
865016
865017
865018
865019
865020
865021
865022
865023
865024
865025
865026
865027
865028
865029
865030
865031
865032
865033
865034
865035
865036
865037
865038
865039
865040
865041
865042
865043
865044
865045
865046
865047
865048
865049
865050
865051
865052
865053
865054
865055
865056
865057
865058
865059
865060
865061
865062
865063
865064
865065
865066
865067
865068
865069
865070
865071
865072
865073
865074
865075
865076
865077
865078
865079
865080
865081
865082
865083
865084
865085
865086
865087
865088
865089
865090
865091
865092
865093
865094
865095
865096
865097
865098
865099
865100
865101
865102
865103
865104
865105
865106
865107
865108
865109
865110
865111
865112
865113
865114
865115
865116
865117
865118
865119
865120
865121
865122
865123
865124
865125
865126
865127
865128
865129
865130
865131
865132
865133
865134
865135
865136
865137
865138
865139
865140
865141
865142
865143
865144
865145
865146
865147
865148
865149
865150
865151
865152
865153
865154
865155
865156
865157
941733
954738
954739
954740
954741
954742
954743
954744
954745
954746
954747
954748
954749
954750
954751
954752
954753
954754
954755
954756
954757
954758
954759
954760
954761
954762
954763
954764
954765
954766
954767
954768
954769
954770
954771
954772
954773
954774
954775
954776
954777
954778
954779
954780
954781
954782
954783
954784
954785
954786
954787
954788
954789
954790
954791
954792
954793
954794
954795
954853
954854
954855
954856
954857
954858
954859
954860
954861
954862
954863
954864
954865
954866
954867
954868
954869
954870
954871
954872
954873
954874
954875
954876
954877
954878
954879
954880
954881
954882
954883
954884
954885
954886
954887
954888
954889
954890
954891
954892
954893
954894
954895
954897
954898
954899
954900
954901
954902
954903
954904
954905
954906
954907
954908
954909
954910
954911
954912
954913
954914
954915
954916
954917
954918
954919
954920
954921
954922
954923
954924
954925
954926
954927
954928
954929
954930
954931
954932
954933
954934
954935
954936
954937
954938
954939
954940
954941
954942
954943
954944
954945
954946
954947
954948
954949
954950
954951
954952
954953
954954
954955
954956
954957
954958
954959
954960
954961
954962
954963
954964
954965
954966
954967
954968
954969
954970
954971
954972
954973
954974
954975
954976
954977
954978
954979
954980
954981
954982
954983
954984
954985
954986
954987
954988
954989
954990
954991
954992
954993
954994
954995
954996
954997
954998
954999
955000
955001
955002
955003
955004
955005
955006
955007
955008
955009
955010
955011
955012
955013
955014
955015
955016
955017
955018
955019
955020
955021
955022
955023
955024
955025
955026
955027
955028
955029
955030
955031
955032
955033
955034
